1397
1719
1240
1701
1858
1386
1603
1311
427
1704
1707
1922
1255
996
824
1680
843
1851
873
908
745
696
205
1264
569
563
1728
1318
1398
858
899
1819
112
399
429
877
1303
1260
913
1662
1003
406
699
85
750
1047
943
1873
480
1829
1204
1573
1560
865
777
1538
337
1917
176
270
1843
6
11
1650
1118
907
1724
1035
427
600
1162
1448
1765
1602
1242
1346
354
1284
1622
1196
1468
1061
687
1244
1260
196
709
43
760
1637
543
520
281
1260
1954
110
1564
960
1144
365
114
316
312
468
869
1255
1999
888
947
1155
1589
829
1322
581
1365
3
1865
77
101
1235
1503
63
272
763
936
441
1797
1450
224
1214
1659
901
1256
1785
232
25
1024
1241
924
1207
427
378
1119
1206
1289
1289
730
271
1645
1099
296
392
315
968
62
860
775
9
1114
1012
1694
687
1381
307
444
1042
53
97
1932
1271
1796
632
1594
1545
454
661
1220
498
659
1001
1959
485
1978
1549
1911
253
1029
190
506
653
78
1604
1560
621
1900
579
1531
682
280
159
1178
69
837
1158
200
214
1710
1252
490
832
1232
1134
1873
1338
194
594
1473
1997
1514
1163
1090
512
1271
1050
206
1630
1774
554
1018
693
93
198
1452
1360
1814
109
1973
490
1677
1466
1905
1422
1641
661
1264
1971
1554
1942
955
327
466
1923
1137
674
1487
1810
1203
730
126
1551
1071
711
1338
705
128
1444
1337
552
1522
1501
1787
1412
970
335
243
1398
496
1387
723
602
1478
768
1487
1881
1410
1871
1283
1808
1686
268
1122
1705
1782
956
1553
346
1279
1109
1275
718
1662
609
318
1406
493
313
1808
844
1569
935
444
404
1205
844
493
1164
269
1941
780
918
820
1014
311
1006
634
1781
1424
1403
848
1927
2000
1304
732
330
439
1618
576
1383
177
1348
1264
885
1459
1476
402
958
1599
521
1274
287
781
721
71
166
1004
1159
1744
67
1085
1429
633
138
214
1899
1555
1626
221
1341
911
202
1317
1457
381
1846
522
626
1293
958
668
1008
420
1749
1045
1226
1923
1390
726
79
1138
976
1370
1408
1340
1096
1798
379
637
1113
818
607
1872
1790
628
613
1759
1794
1886
12
1205
592
1093
840
717
1376
1117
1597
1445
1397
1029
1771
1992
1118
333
1815
604
1454
1999
1577
537
73
101
1288
1729
1423
226
176
1689
1733
682
216
276
694
1764
951
798
889
872
1799
455
577
1265
1220
1591
352
350
969
908
1788
959
1242
494
865
484
966
1476
208
1258
232
1480
468
832
1547
536
6
1989
716
312
53
1696
263
1957
145
1056
1347
204
1884
1299
1047
1365
439
1778
580
745
1654
732
1731
1731
141
1393
1024
1238
757
616
1263
525
711
1066
137
1880
1050
698
1160
389
1667
799
1289
800
1745
1474
670
800
1315
1156
904
801
370
219
1616
119
888
1173
267
67
886
433
1717
1767
1493
866
220
1505
376
237
1406
1389
1173
1742
1734
1244
1921
354
744
1150
1880
1592
575
1311
1744
1157
830
39
1644
674
803
197
1422
1935
277
928
139
1843
1806
1872
1564
359
931
411
112
1905
438
1983
1065
717
669
1783
490
185
442
1177
1879
1356
1096
1533
411
1098
1287
1573
1484
58
1261
562
911
308
718
75
1925
1475
1111
678
978
1762
1829
1566
172
1338
391
399
1305
862
546
1064
96
987
662
1306
1390
63
1869
1967
1572
1932
979
1520
1231
183
1453
510
1940
1409
1780
1475
1132
381
1099
892
526
409
820
1141
749
1249
1455
209
1922
389
522
1677
994
848
771
135
1769
1871
1301
1715
757
596
1949
1259
1599
380
1574
870
842
1075
47
163
926
592
1443
1536
181
1043
1802
1590
956
1169
1400
253
1201
1526
724
1770
318
1001
1371
983
1759
1731
443
1386
891
1007
1938
1963
1968
1566
1898
23
1126
71
457
1691
1572
261
1054
283
1869
242
628
1461
1582
912
800
1767
1757
104
1861
1930
270
354
537
1416
845
658
314
570
12
1238
911
283
802
851
70
1741
1378
583
1823
1434
905
1666
894
1519
791
1483
509
108
1255
1195
807
32
825
568
478
1696
873
311
1583
1977
1549
367
929
1216
1413
566
1410
712
361
334
429
599
928
1281
189
580
328
1770
1932
1010
1136
1986
570
957
533
794
1265
1153
527
1198
56
1297
794
272
280
218
545
1691
17
1828
479
1295
270
230
772
891
1842
1290
1010
89
1966
1006
13
411
169
844
973
1077
526
1460
113
1540
1146
1340
1993
1314
1464
1861
736
1688
1221
996
1072
77
565
1778
25
1562
1352
1249
1466
295
517
1128
159
1207
728
1986
886
764
134
679
1044
113
1981
913
1379
869
1808
758
1583
1136
1285
1337
1114
1257
1799
375
1259
1644
1616
628
1636
1544
554
877
723
1954
1023
296
892
525
280
1451
686
412
470
95
825
746
1754
1325
445
1521
1376
1461
1208
1829
1064
250
342
912
1152
302
1276
741
467
564
745
1606
491
1926
884
793
1136
1140
1970
1190
584
455
37
1024
1874
822
41
1331
1268
213
1848
553
989
293
970
1649
1394
1907
1656
1311
207
1318
1288
1687
983
693
1438
710
1011
270
128
919
1573
1944
857
1514
1328
1925
1741
1742
218
1637
1296
243
370
787
1369
1364
1237
695
427
1097
42
1426
1922
177
1975
1151
1148
565
1479
1913
435
1138
651
932
422
1508
183
1196
1045
769
763