1913
758
755
1129
642
850
775
826
1258
1889
1155
1956
603
851
1246
1276
1316
1548
1632
213
1108
1466
944
1378
129
570
182
1478
408
1888
258
1120
29
393
596
862
395
564
374
868
759
1474
179
793
1158
19
1693
1434
1558
1347
1797
1779
375
227
1400
13
22
1956
1603
855
1529
1777
1133
1513
1412
7
837
1043
628
958
676
1045
1037
1695
1947
1811
360
510
205
1738
1595
1456
1790
1476
770
446
772
984
1264
768
657
376
1714
1856
1129
1996
1127
1419
1267
1789
1816
425
1532
1497
624
1329
1900
1347
1957
488
807
358
1860
1015
396
992
462
1724
1104
757
1987
1223
841
1148
115
86
866
1915
948
1117
1637
64
707
1758
1168
994
175
1920
693
115
1121
1374
491
1082
47
166
299
1543
1909
50
481
1174
903
641
1270
254
1632
1886
1245
506
1245
1076
1013
654
1877
945
1957
396
1202
205
1190
1998
1518
1628
770
1254
801
1811
1494
500
1201
561
1378
1726
1910
1611
1613
298
406
1444
45
1527
1885
1551
407
716
1672
1823
199
763
1838
755
156
14
714
1901
250
1837
853
767
491
1968
512
419
1898
1727
515
583
1552
837
1125
1830
862
1124
869
1036
347
1139
1663
1656
1668
762
382
1540
392
79
153
386
1560
1003
345
182
1087
1599
1845
1586
1349
690
1990
636
1330
1279
511
999
1673
65
213
1387
1189
1156
1931
329
1906
838
820
1108
1404
1930
180
1533
1636
386
1208
765
639
769
1301
1742
1014
447
1942
117
871
282
1975
655
934
1953
554
103
782
187
752
1487
1012
1910
1867
1090
1433
1219
686
142
1187
1602
561
458
1010
1787
1986
1162
184
986
792
133
449
437
1060
992
572
223
286
623
1069
1694
542
986
1650
1100
694
1720
807
276
1671
1223
891
59
869
63
1658
352
1415
1169
1696
1718
1296
515
366
1124
608
321
1631
1827
988
444
471
787
129
504
1253
1562
1791
101
1382
857
818
593
360
302
756
672
992
297
594
1052
965
1113
1016
731
910
317
169
600
1466
506
1080
26
129
112
1801
426
1689
1503
1204
1105
711
1732
11
1833
125
802
395
841
1710
1424
554
791
797
109
1945
297
1627
118
1637
1623
434
1457
812
68
1318
203
1106
445
1735
577
77
1345
818
698
743
1321
1351
827
1
1488
512
1492
999
163
1961
1104
704
1792
234
903
770
488
1251
1502
1662
1198
122
1377
633
595
1900
232
268
1740
678
1064
1420
676
1654
143
707
1431
1735
379
806
267
1839
1245
114
1499
158
19
985
1213
512
304
59
353
470
1838
1302
905
1179
1402
1575
764
797
981
1288
56
1298
1557
1921
1077
1452
1024