73
17
76
58
34
14
97
31
75
89
95
12
24
9
64
35
87
44
99
2
24
26
96
57
13
78
31
85
18
65
14
67
14
89
55
6
19
35
8
88
38
100
82
94
100
80
37
89
78
22
44
9
96
94
52
4
20
60
82
56
27
40
78
16
64
28
48
60
69
64
86
60
90
2
87
25
28
83
5
59
74
96
71
100
36
69
86
45
25
56
39
42
78
81
24
18
68
79
78
70
73
17
76
58
34
14
97
31
75
89
95
12
24
9
64
35
87
44
99
2
24
26
96
57
13
78
31
85
18
65
14
67
14
89
55
6
19
35
8
88
38
100
82
94
100
80
37
89
78
22
44
9
96
94
52
4
20
60
82
56
27
40
78
16
64
28
48
60
69
64
86
60
90
2
87
25
28
83
5
59
74
96
71
100
36
69
86
45
25
56
39
42
78
81
24
18
68
79
78
70
73
17
76
58
34
14
97
31
75
89
95
12
24
9
64
35
87
44
99
2
24
26
96
57
13
78
31
85
18
65
14
67
14
89
55
6
19
35
8
88
38
100
82
94
100
80
37
89
78
22
44
9
96
94
52
4
20
60
82
56
27
40
78
16
64
28
48
60
69
64
86
60
90
2
87
25
28
83
5
59
74
96
71
100
36
69
86
45
25
56
39
42
78
81
24
18
68
79
78
70
73
17
76
58
34
14
97
31
75
89
95
12
24
9
64
35
87
44
99
2
24
26
96
57
13
78
31
85
18
65
14
67
14
89
55
6
19
35
8
88
38
100
82
94
100
80
37
89
78
22
44
9
96
94
52
4
20
60
82
56
27
40
78
16
64
28
48
60
69
64
86
60
90
2
87
25
28
83
5
59
74
96
71
100
36
69
86
45
25
56
39
42
78
81
24
18
68
79
78
70
73
17
76
58
34
14
97
31
75
89
95
12
24
9
64
35
87
44
99
2
24
26
96
57
13
78
31
85
18
65
14
67
14
89
55
6
19
35
8
88
38
100
82
94
100
80
37
89
78
22
44
9
96
94
52
4
20
60
82
56
27
40
78
16
64
28
48
60
69
64
86
60
90
2
87
25
28
83
5
59
74
96
71
100
36
69
86
45
25
56
39
42
78
81
24
18
68
79
78
70
73
17
76
58
34
14
97
31
75
89
95
12
24
9
64
35
87
44
99
2
24
26
96
57
13
78
31
85
18
65
14
67
14
89
55
6
19
35
8
88
38
100
82
94
100
80
37
89
78
22
44
9
96
94
52
4
20
60
82
56
27
40
78
16
64
28
48
60
69
64
86
60
90
2
87
25
28
83
5
59
74
96
71
100
36
69
86
45
25
56
39
42
78
81
24
18
68
79
78
70
73
17
76
58
34
14
97
31
75
89
95
12
24
9
64
35
87
44
99
2
24
26
96
57
13
78
31
85
18
65
14
67
14
89
55
6
19
35
8
88
38
100
82
94
100
80
37
89
78
22
44
9
96
94
52
4
20
60
82
56
27
40
78
16
64
28
48
60
69
64
86
60
90
2
87
25
28
83
5
59
74
96
71
100
36
69
86
45
25
56
39
42
78
81
24
18
68
79
78
70
73
17
76
58
34
14
97
31
75
89
95
12
24
9
64
35
87
44
99
2
24
26
96
57
13
78
31
85
18
65
14
67
14
89
55
6
19
35
8
88
38
100
82
94
100
80
37
89
78
22
44
9
96
94
52
4
20
60
82
56
27
40
78
16
64
28
48
60
69
64
86
60
90
2
87
25
28
83
5
59
74
96
71
100
36
69
86
45
25
56
39
42
78
81
24
18
68
79
78
70
70
73
17
76
58
34
14
97
31
75
89
95
12
24
9
64
35
87
44
99
2
24
26
96
57
13
78
31
85
18
65
14
67
14
89
55
6
19
35
8
88
38
100
82
94
100
80
37
89
78
22
44
9
96
94
52
4
20
60
82
56
27
40
78
16
64
28
48
60
69
64
86
60
90
2
87
25
28
83
5
59
74
96
71
100
36
69
86
45
25
56
39
42
78
81
24
18
68
79
78
70
73
17
76
58
34
14
97
31
75
89
95
12
24
9
64
35
87
44
99
2
24
26
96
57
13
78
31
85
18
65
14
67
14
89
55
6
19
35
8
88
38
100
82
94
100
80
37
89
78
22
44
9
96
94
52
4
20
60
82
56
27
40
78
16
64
28
48
60
69
64
86
60
90
2
87
25
28
83
5
59
74
96
71
100
36
69
86
45
25
56
39
42
78
81
24
18
68
79
78
70
70
73
17
76
58
34
14
97
31
75
89
95
12
24
9
64
35
87
44
99
2
24
26
96
57
13
78
31
85
18
65
14
67
14
89
55
6
19
35
8
88
38
100
82
94
100
80
37
89
78
22
44
9
96
94
52
4
20
60
82
56
27
40
78
16
64
28
48
60
69
64
86
60
90
2
87
25
28
83
5
59
74
96
71
100
36
69
86
45
25
56
39
42
78
81
24
18
68
79
78
70
73
17
76
58
34
14
97
31
75
89
95
12
24
9
64
35
87
44
99
2
24
26
96
57
13
78
31
85
18
65
14
67
14
89
55
6
19
35
8
88
38
100
82
94
100
80
37
89
78
22
44
9
96
94
52
4
20
60
82
56
27
40
78
16
64
28
48
60
69
64
86
60
90
2
87
25
28
83
5
59
74
96
71
100
36
69
86
45
25
56
39
42
78
81
24
18
68
79
78
70
70
73
17
76
58
34
14
97
31
75
89
95
12
24
9
64
35
87
44
99
2
24
26
96
57
13
78
31
85
18
65
14
67
14
89
55
6
19
35
8
88
38
100
82
94
100
80
37
89
78
22
44
9
96
94
52
4
20
60
82
56
27
40
78
16
64
28
48
60
69
64
86
60
90
2
87
25
28
83
5
59
74
96
71
100
36
69
86
45
25
56
39
42
78
81
24
18
68
79
78
70
73
17
76
58
34
14
97
31
75
89
95
12
24
9
64
35
87
44
99
2
24
26
96
57
13
78
31
85
18
65
14
67
14
89
55
6
19
35
8
88
38
100
82
94
100
80
37
89
78
22
44
9
96
94
52
4
20
60
82
56
27
40
78
16
64
28
48
60
69
64
86
60
90
2
87
25
28
83
5
59
74
96
71
100
36
69
86
45
25
56
39
42
78
81
24
18
68
